Airplane 0.087890625 0.1800524166666667 0.17625 0.10833299999999997
Airplane 0.0543359375 0.5068746666666667 0.10875 0.05333400000000007
Airplane 0.4996484375 0.5208854166666667 0.99875 0.608333
Airplane 0.1044140625 0.32927083333333335 0.205625 0.08916700000000007
Airplane 0.099921875 0.5732291666666667 0.09062500000000001 0.03833300000000003
Airplane 0.1890625 0.05161425 0.20375000000000001 0.10333400000000002
Airplane 0.2604296875 0.5095315833333333 0.19374999999999998 0.08083300000000009
Airplane 0.486953125 0.3831770833333334 0.254375 0.09749999999999992
Airplane 0.6741796875 0.7918746666666667 0.41374999999999995 0.1774999999999999
Airplane 0.682421875 0.3034895833333333 0.34062500000000007 0.23916700000000005
